-0.15976394712924957
0.02388933300971985
0.023665010929107666
-0.13445523381233215
-0.08695310354232788
-0.001091192476451397
0.0031356923282146454
-0.0638233870267868
0.14515745639801025
-0.16054517030715942
0.22112029790878296
-0.054038699716329575
-0.17811422049999237
-0.05312102288007736
-0.00032277125865221024
0.1839139312505722
-0.21328912675380707
-0.1720588505268097
-0.013694282621145248
-0.04938206821680069
0.018031897023320198
0.009782377630472183
-0.015297154895961285
0.03489366173744202
-0.19912976026535034
-0.328379362821579
-0.10959858447313309
-0.13935422897338867
-0.03694135695695877
-0.019192760810256004
0.08230333775281906
0.17675772309303284
-0.09883344173431396
0.010116847231984138
0.005658376030623913
0.08609466999769211
0.020491518080234528
-0.05714017525315285
0.24581168591976166
0.06695075333118439
-0.18195998668670654
-0.03454863280057907
0.06633312255144119
0.3289125859737396
0.1279825121164322
-0.04370348900556564
0.05209682881832123
0.030675850808620453
0.09988275170326233
-0.2720920145511627
-0.013003874570131302
0.09356013685464859
0.10617243498563766
0.06924623250961304
0.084727443754673
-0.031655728816986084
0.06525098532438278
0.11016502231359482
-0.22356082499027252
0.05372818559408188
0.006993949878960848
-0.09314616769552231
0.03556499630212784
-0.08015315234661102
0.24125052988529205
0.09717302024364471
-0.09479203075170517
-0.11712995916604996
0.20552489161491394
-0.09130574017763138
-0.16577185690402985
0.02833847515285015
-0.1608661264181137
-0.1856781244277954
-0.26413479447364807
0.044885408133268356
0.2918030321598053
0.1690404862165451
-0.12818947434425354
0.08000148832798004
0.003826881991699338
-0.13299785554409027
0.04346233606338501
0.14167246222496033
0.02779039554297924
-0.02961164340376854
-0.011692944914102554
0.0126973120495677
0.2653595805168152
-0.05586937069892883
-0.031306616961956024
0.21847675740718842
-0.0030507221817970276
-0.014234598726034164
-0.012296032160520554
-0.006944409105926752
-0.030757315456867218
0.05768868699669838
-0.12022342532873154
0.04279828071594238
0.005312230903655291
-0.04195757955312729
-0.01445162482559681
0.110803984105587
-0.18309681117534637
0.1360998898744583
-0.042654022574424744
-0.07564977556467056
-0.09214851260185242
0.02811381220817566
-0.09489583969116211
-0.0017223170725628734
0.13680918514728546
-0.2149532437324524
0.1418207883834839
0.23169204592704773
0.027377022430300713
0.12065514922142029
0.07655155658721924
-0.01444608997553587
0.05441407114267349
0.0027882615104317665
-0.18381564319133759
-0.10446182638406754
0.11344039440155029
-0.020932409912347794
-0.009412760846316814
0.06037379801273346
