-0.053974997252225876
0.0751611590385437
0.03225177153944969
-0.08227964490652084
-0.12953303754329681
0.01937202177941799
-0.07213956862688065
0.011018839664757252
0.14769206941127777
-0.11256968230009079
0.22878524661064148
0.008895302191376686
-0.19352997839450836
-0.046571023762226105
0.02100074663758278
0.1496363878250122
-0.14507189393043518
-0.1484431028366089
-0.06414803117513657
0.05028606206178665
-0.009243587963283062
0.01913481578230858
0.07057861983776093
0.10669855028390884
-0.20522509515285492
-0.36952462792396545
-0.08225160837173462
-0.15874871611595154
0.012099145911633968
-0.0495997779071331
-0.05218266323208809
0.04053446650505066
-0.14107659459114075
-0.01718195714056492
0.028834035620093346
0.11326386034488678
-0.0831916481256485
-0.08585303276777267
0.24409915506839752
0.03935863822698593
-0.31827759742736816
-0.013617755845189095
0.021549617871642113
0.32315191626548767
0.16311679780483246
-0.024312444031238556
0.0760972648859024
-0.00593455508351326
0.10710082203149796
-0.22618243098258972
0.1055096834897995
0.12314600497484207
0.09740093350410461
0.06591290980577469
0.12020829319953918
-0.1094285249710083
0.08054235577583313
0.16197530925273895
-0.1837012767791748
-0.04938120022416115
-0.035836752504110336
-0.01729932613670826
0.03889220952987671
-0.07287900149822235
0.23869657516479492
0.09227292239665985
-0.08964906632900238
-0.1335606575012207
0.1734347939491272
-0.12761756777763367
-0.07230454683303833
0.13665956258773804
-0.16079775989055634
-0.1621801257133484
-0.32774168252944946
0.012658407911658287
0.3594014048576355
0.1434706747531891
-0.13887108862400055
0.06744399666786194
-0.006108309142291546
-0.08219614624977112
0.015456238761544228
0.13823094964027405
-0.04994063079357147
0.06401079893112183
-0.073351189494133
0.05214500427246094
0.19599047303199768
-0.07750315964221954
0.013888165354728699
0.15494918823242188
0.03987925872206688
-0.04163907468318939
0.07609594613313675
0.05792408809065819
-0.08730501681566238
0.011193891987204552
-0.13885419070720673
0.029758449643850327
0.0685470700263977
-0.0693339854478836
-0.038925901055336
0.10924045741558075
-0.2668532431125641
0.10741646587848663
0.019434768706560135
-0.10504204034805298
0.005756855010986328
0.055463142693042755
-0.09585978835821152
-0.0914374440908432
0.13957631587982178
-0.2859474718570709
0.14220911264419556
0.18243961036205292
0.022992249578237534
0.11960268020629883
0.06781125068664551
0.012467151507735252
-0.05074363574385643
-0.04550611600279808
-0.19110698997974396
-0.08742906898260117
0.09427769482135773
-0.010356339626014233
0.04133309796452522
0.03063488006591797
