-0.1456727683544159
0.08089832961559296
-0.026891764253377914
-0.02502495050430298
-0.09351473301649094
-0.06950981914997101
-0.02829093672335148
-0.13937664031982422
0.23953522741794586
-0.09322169423103333
0.29345884919166565
0.00650763139128685
-0.19421853125095367
-0.12055031955242157
-0.02575668878853321
0.1320512592792511
-0.20993243157863617
-0.13787993788719177
-0.027406815439462662
-0.08461564034223557
-0.0402168408036232
-0.06667136400938034
-0.011451970785856247
0.09968901425600052
-0.11184602230787277
-0.34944507479667664
-0.12069366127252579
-0.23910003900527954
0.0780281126499176
-0.0748237818479538
0.01013488881289959
0.1335573047399521
-0.14502541720867157
-0.09043227136135101
0.006804369390010834
0.045286357402801514
0.014267674647271633
0.051006149500608444
0.228761225938797
-0.0690729171037674
-0.13136430084705353
-0.021335730329155922
0.02357545681297779
0.2805539071559906
0.08843901753425598
0.016026346012949944
0.038893405348062515
0.007609844207763672
0.055649399757385254
-0.1632537841796875
0.02131495624780655
0.1373618245124817
0.150146022439003
0.05097671225667
0.04983646422624588
-0.1867886483669281
0.013700980693101883
0.10127004235982895
-0.23701731860637665
0.032621268182992935
-0.006671716459095478
-0.0813852846622467
-0.0969858169555664
0.028739668428897858
0.3014049828052521
0.12469020485877991
-0.10365261882543564
-0.10325171798467636
0.21710558235645294
-0.13943582773208618
-0.012121910229325294
0.059919122606515884
-0.14459232985973358
-0.1722567081451416
-0.25257328152656555
0.043391525745391846
0.44000953435897827
0.09845934808254242
-0.15098275244235992
0.09613315761089325
-0.14035826921463013
-0.11069746315479279
-0.01147934515029192
0.00779622420668602
-0.07457892596721649
-0.021162936463952065
-0.06383681297302246
0.01113848201930523
0.1305544525384903
0.01922747865319252
0.019644498825073242
0.1563202142715454
-0.00593092106282711
0.034897446632385254
0.0061423988081514835
-0.02316843904554844
-0.02031341753900051
-0.04841937869787216
-0.08139809221029282
0.002643394283950329
-0.011635782197117805
-0.07550401240587234
-0.04816221445798874
0.02935028448700905
-0.2432173490524292
0.10799314081668854
0.08121183514595032
-0.03732948377728462
-0.055208392441272736
0.10118290036916733
-0.06974948942661285
-0.049458716064691544
0.19618311524391174
-0.33617568016052246
0.2692360281944275
0.1945776343345642
0.05332174897193909
0.1902846097946167
-0.013419977389276028
-0.02206430584192276
-0.01735200732946396
-0.08773620426654816
-0.16648109257221222
-0.0886838287115097
0.07039599120616913
-0.11138686537742615
0.005296090617775917
0.04013434052467346
