-0.1205013319849968
0.10070829838514328
0.027857569977641106
-0.08277665823698044
-0.1289818435907364
-0.0699869841337204
-0.020162280648946762
-0.00842280313372612
0.20514167845249176
-0.16731955111026764
0.2322966307401657
-0.01688733510673046
-0.18655285239219666
-0.021426107734441757
-0.027908653020858765
0.21111738681793213
-0.14328621327877045
-0.0943320170044899
-0.08647258579730988
-0.010424026288092136
0.08961040526628494
0.07309276610612869
-0.0011151721701025963
0.08232622593641281
-0.11532878875732422
-0.3426285684108734
-0.04754895716905594
-0.08788830786943436
-0.07924474030733109
-0.08353531360626221
0.06009005010128021
0.16105692088603973
-0.1398179531097412
-0.0320373959839344
-0.01590799167752266
0.0728260800242424
-0.0639084205031395
-0.03178419917821884
0.2051042914390564
0.0001689596101641655
-0.27482834458351135
-0.029606763273477554
0.06343647092580795
0.30789583921432495
0.12137287110090256
-0.043928682804107666
0.037276603281497955
-0.046716831624507904
0.11482807248830795
-0.24451944231987
-0.05459617078304291
0.12520979344844818
0.09574554860591888
0.028534971177577972
0.1003035381436348
-0.03328867629170418
0.06964994966983795
0.11057678610086441
-0.230197474360466
-0.029636943712830544
0.04845953360199928
-0.07342629134654999
-0.04330532252788544
-0.10090312361717224
0.2512786388397217
0.10863254964351654
-0.12869486212730408
-0.12082987278699875
0.1260984241962433
-0.14512714743614197
-0.10602918267250061
0.1036379486322403
-0.15136197209358215
-0.20508591830730438
-0.29139241576194763
-0.002865079790353775
0.35198161005973816
0.07813738286495209
-0.09765104204416275
0.07997778058052063
0.013443324714899063
-0.08393968641757965
0.04995286837220192
0.14799807965755463
-0.03077036514878273
-0.00807968620210886
-0.028349721804261208
0.09846694022417068
0.2104116827249527
-0.07415865361690521
-0.012855972163379192
0.18145480751991272
0.021617909893393517
-0.034939251840114594
-0.043426718562841415
0.012573294341564178
-0.05496140569448471
0.04237331449985504
-0.10517221689224243
0.08096260577440262
0.04547625780105591
-0.05980284884572029
-0.05093824118375778
0.08059456944465637
-0.15588636696338654
0.10637225210666656
-0.027024319395422935
-0.020597409456968307
-0.0038321148604154587
0.045802902430295944
-0.1484733521938324
-0.07057707756757736
0.10052691400051117
-0.17329715192317963
0.17985430359840393
0.12595494091510773
-0.03508696332573891
0.08102434873580933
0.054761894047260284
0.056096237152814865
-0.009781043976545334
-0.0099899061024189
-0.2000580132007599
-0.07018356770277023
0.16078324615955353
-0.043284907937049866
0.053374484181404114
-0.04412379115819931
