-0.1187574565410614
-0.06347176432609558
0.030079733580350876
-0.18494480848312378
-0.10399471968412399
-0.06474310159683228
0.006139460951089859
-0.029756376519799232
0.17941874265670776
-0.13350215554237366
0.1721988320350647
-0.05843602493405342
-0.16333051025867462
0.02209104411303997
0.012476428411900997
0.17115382850170135
-0.18471013009548187
-0.15496863424777985
-0.06359799206256866
-0.004165333230048418
0.04046861082315445
0.09320024400949478
-0.058497171849012375
0.0940990075469017
-0.13919225335121155
-0.35637304186820984
-0.09579195082187653
-0.06351257860660553
-0.020585153251886368
-0.005491878837347031
0.05189288407564163
0.16172699630260468
-0.18615786731243134
0.008212292566895485
0.07475768029689789
0.07925644516944885
-0.035002972930669785
-0.13632559776306152
0.20645295083522797
0.08794894814491272
-0.24691501259803772
-0.06808913499116898
0.1340465545654297
0.24611985683441162
0.08192802965641022
-0.009782780893146992
-0.0053343139588832855
-0.06316208094358444
0.09594285488128662
-0.2875855267047882
-0.00984029658138752
0.12733925879001617
0.05276154354214668
0.07025658339262009
0.05948376655578613
-0.13131968677043915
0.13348694145679474
0.09211400151252747
-0.3189944624900818
0.06813003122806549
0.020556993782520294
-0.1423986554145813
-0.030250776559114456
-0.08304703235626221
0.22428643703460693
0.15347591042518616
-0.12106169015169144
-0.16830185055732727
0.14877480268478394
-0.1407676637172699
-0.1060543805360794
0.05840365216135979
-0.12762193381786346
-0.18941256403923035
-0.31578558683395386
-0.05299265682697296
0.32331717014312744
0.13104817271232605
-0.14840838313102722
0.06549320369958878
-0.03906015679240227
-0.07528405636548996
0.08824636787176132
0.13823525607585907
-0.016860203817486763
-0.038952674716711044
-0.0639898031949997
0.04331565275788307
0.23786309361457825
-0.011866495944559574
-0.012147899717092514
0.2060251533985138
0.002204177901148796
-0.005921679548919201
-0.03164715692400932
0.061890859156847
-0.11503465473651886
-0.006442183628678322
-0.1164468377828598
0.006944780237972736
0.023455824702978134
0.007054773159325123
-0.002648288384079933
0.1784380078315735
-0.20172688364982605
0.1464267373085022
0.005278463941067457
-0.12103395164012909
-0.019096272066235542
0.00253110658377409
-0.08470101654529572
-0.07276731729507446
0.055074796080589294
-0.20181317627429962
0.16525524854660034
0.1638146936893463
0.05945344269275665
0.1436818242073059
0.03145825117826462
0.010519694536924362
-0.032191045582294464
-0.04350835457444191
-0.2125391811132431
-0.05195550248026848
0.0669255405664444
0.00858689658343792
0.029938843101263046
0.02390943467617035
